007 208
008 328
009 204
012 149
012 313
013 193
014 108
014 116
016 184
019 292
021 149
023 178
026 271
028 150
033 157
036 239
036 594
040 137
040 613
041 150
044 120
045 138
047 133
051 120
051 609
052 152
054 600
056 146
060 097
068 372
092 143
093 009
098 078
101 013
103 009
104 400
106 384
108 561
117 562
121 547
122 543
125 523
125 548
126 544
127 467
128 461
128 509
129 499
132 481
132 486
132 504
132 544
133 548
136 402
139 432
143 486
144 554
145 400
145 495
146 545
146 549
147 388
147 536
147 560
148 384
148 555
149 487
149 494
151 536
152 529
157 469
157 483
158 463
158 488
165 488
165 492
168 551
170 377
170 547
171 488
172 373
172 386
172 390
173 566
174 377
175 493
175 561
180 567
181 499
182 543
184 566
185 449
186 400
187 391
187 540
187 544
188 486
188 490
190 257
192 502
192 611
192 621
193 486
193 490
194 230
195 274
196 570
197 279
198 450
200 388
202 355
202 417
204 388
206 323
207 211
207 351
214 352
216 492
217 357
217 514
218 468
218 474
221 324
223 411
223 425
225 390
227 298
228 377
229 277
229 281
231 260
231 399
231 403
231 505
232 299
232 501
234 233
234 278
234 282
235 218
236 214
236 261
236 617
237 201
238 233
240 214
240 218
241 200
243 423
244 571
245 414
246 404
248 500
249 494
251 571
252 416
253 225
256 237
256 242
256 617
257 511
258 405
258 465
258 471
258 478
259 261
259 411
259 518
259 627
260 577
261 299
262 306
262 419
263 286
263 522
263 616
264 236
264 396
264 518
265 216
265 221
266 202
266 419
266 628
268 243
268 259
268 390
268 424
268 533
268 548
269 154
269 298
269 554
270 264
270 306
270 413
271 285
271 398
273 525
273 573
274 297
274 566
276 137
276 391
277 269
277 277
277 532
277 561
279 194
280 526
282 388
282 539
282 565
282 594
283 071
283 093
283 279
284 273
284 341
285 182
285 261
286 248
289 567
290 088
290 256
291 084
291 199
291 510
291 632
292 523
292 576
293 337
293 535
295 176
296 066
296 089
298 527
299 085
301 307
301 629
302 520
304 224
304 564
305 606
306 539
307 569
308 063
308 153
308 195
308 202
308 527
308 601
309 068
309 145
309 293
310 100
310 258
310 269
310 416
311 072
311 542
313 511
313 517
314 153
315 195
318 260
320 077
320 537
321 090
321 526
322 143
322 294
323 136
323 189
323 514
324 288
325 507
325 535
326 526
327 140
327 149
327 240
327 320
328 211
328 270
328 289
329 071
329 517
330 263
330 330
331 078
331 141
331 168
331 199
331 525
331 533
331 555
331 568
332 157
332 312
332 576
333 146
333 303
335 275
336 072
336 258
339 076
340 265
340 273
341 518
342 142
343 356
343 564
344 204
345 231
345 528
346 059
346 211
348 143
348 150
348 272
349 053
349 065
349 350
349 436
350 613
351 627
352 387
353 231
354 190
354 346
355 071
355 216
355 357
356 076
356 179
358 270
359 010
359 143
359 203
359 597
360 609
360 628
361 260
361 357
362 411
363 210
365 172
365 536
365 624
366 363
368 071
368 081
368 262
368 409
368 607
369 560
369 579
370 044
370 050
372 169
372 247
373 072
373 407
373 418
374 058
374 173
374 312
374 364
374 443
376 569
378 049
378 336
378 508
378 574
379 504
379 582
380 060
380 626
381 550
382 043
383 067
383 632
384 236
384 312
384 319
385 052
385 571
386 038
386 062
387 079
387 505
388 333
389 608
391 052
391 622
393 043
393 614
396 608
397 194
397 627
398 552
399 052
399 333
401 628
402 303
402 498
402 531
402 538
402 552
403 182
404 215
404 544
406 307
407 609
409 636
414 305
417 629
421 636
426 624
438 514
439 349
450 449
474 494
476 512
476 519
