23621
25895
28513
32539
34857
41271
45275
45985
50191
51143
51497
55277
56593
59143
64237
65215
65581
69037
70689
75711
86501
116763
124313
132637
135165
138079
149601
154691
155963
159763
159813
161085
162211
163479
163575
164835
168639
168649
168685
168765
170053
173601
177501
182729
184145
185117
185307
186687
186695
187653
187949
187997
188925
189267
190411
190425
193069
194335
200615
200643
201883
201933
210893
210901
214859
217071
217411
218573
219623
219649
219657
221289
222191
223703
223839
230251
231395
232763
235369
236415
237597
238859
239157
239165
240329
240337
242431
245481
245699
245719
246729
246737
247497
248865
250737
251435
253057
255493
257987
258111
260613
263043
264099
264379
273341
276181
277191
277505
278693
278705
282245
284979
285007
287497
289873
291311
292391
292399
294917
295195
295203
295407
296275
296679
298703
298793
298801
299953
301225
301319
302031
302479
303823
306345
306353
307597
310603
312179
313145
314405
317157
318425
321139
322109
323007
326871
326881
327631
328699
329767
329887
329899
329913
330759
331059
331273
332671
333395
334689
334915
335929
336401
336589
337109
337429
337673
338349
338359
339601
340035
342243
342275
342537
342605
342823
342853
343345
343633
344145
344845
344929
345143
346167
346393
349207
349303
350031
350569
352271
352779
353815
353831
354341
354399
356225
358169
360453
360755
360807
360865
361099
361143
361515
362783
362919
363881
364039
365293
369771
370093
370429
371365
371595
372217
373523
373629
374431
374827
376669
377729
377775
381211
381607
384611
386317
388285
388965
390329
391475
392815
393083
393263
393347
393361
394011
394159
394373
394527
394823
395717
396033
396055
396349
396941
397881
400379
400391
400943
402307
406277
408471
409391
409777
410649
411163
411465
412429
412535
413185
414013
415731
415787
417049
417557
417575
417757
417917
418979
419097
419135
419979
420871
421643
421777
422553
422679
422733
422795
423447
423463
423507
423533
423991
424301
424829
425249
425563
428067
428941
429313
432789
434447
434463
436233
436761
438469
438885
439445
440779
441373
441715
442019
444443
444457
444701
445543
445567
446137
446309
447943
450051
451019
452217
452529
453259
453549
453831
454549
454755
457497
458523
458643
459431
460735
461317
461511
462899
463777
466261
466989
467923
469899
469919
470281
470575
470971
472157
472195
472405
472417
475215
475371
476301
476971
476993
477553
477783
478061
478165
478323
481135
482655
483229
483573
483705
484845
485001
485237
487497
487763
489091
490709
490861
490875
491621
492659
492873
492921
494235
495087
496023
497853
499301
500441
501843
502985
506813
507265
509261
509541
510103
513883
514273
514339
514353
514381
514921
516267
516925
519011
520895
529247
560385
561335
575615
